E_B=0.265836813
E_C=0.239253131
E_CW=0.221701746
E_FR=0.163872008
E_R=0.181252372
E_UV=0.295374236
E_WW=0.200855814
